dsgPrice,ebPrice
144.99,159.99
159.99,159.99
99.99,99.99
179.99,89.99
59.97,89.99
79.98,89.99
79.99,209.99
69.99,74.99
51.99,51.99
54.99,54.99
19.99,19.99
119.99,119.99
35.99,35.99
59.99,59.99
64.99,74.99
159.99,159.99
119.99,114.99
149.99,149.99
59.99,59.99
54.99,54.99
99.99,99.99
119.99,119.99
94.99,94.99
109.99,119.99
119.99,109.99
79.99,84.99
134.98,164.99
129.99,109.99
79.99,79.99
109.99,109.99
64.99,64.99
214.99,234.99
109.99,109.99
134.99,134.99
54.99,59.99
74.99,74.99
59.99,64.99
69.97,79.99
189.99,209.99
109.99,109.99
64.99,64.99
109.99,109.99
79.99,89.99
109.99,109.99
119.99,109.99
119.99,119.99
47.99,47.99
144.99,84.99
109.99,114.99
69.99,64.99
